3556 2352 3048 2795 797 1272 946 4647 573 1139 1844 3283 4639 1557 1874 1242 826 3315 4452 3210
1090 1704 2415 4304 3261 4011 3622 1891 2242 4850 3544 4035 1726 4234 2425 108 4860 1498 3318 595
1502 4811 1275 4550 4252 4837 1966 4846 2323 4791 839 520 1042 2139 1196 2685 1912 3145 3447 4113
3700 1635 3656 935 3146 3078 4931 2819 3731 4400 1387 1087 107 1339 3388 3602 173 1755 4050 2513
935 2422 4314 2617 4180 529 4042 2027 1000 502 1998 1783 261 616 3767 1290 2805 2209 3254 2580
3482 1471 3019 3328 2744 4318 2256 1585 4522 2383 4400 3769 973 881 3322 3873 3135 2373 546 3670
2036 2347 4039 1731 4918 1676 4289 3004 3601 3824 1976 3791 2863 450 1549 1199 1300 4420 2118 1812
4312 3976 3132 703 984 2154 4405 1593 1558 3587 3282 4003 1098 4378 789 4889 1058 1964 4914 3362
3235 1360 4290 1445 3489 1513 3608 2340 4726 1910 2118 1288 4779 748 665 3635 3960 2362 4245 4496
1953 1576 3730 2506 4670 1131 948 1014 1993 1970 4975 4210 3028 787 3733 2059 238 4520 3738 1246
2992 1227 1893 3638 1980 3907 2977 3040 1644 762 1007 993 3560 4899 4225 1033 1795 2621 1121 3068
4074 806 2192 1168 2618 2864 365 3115 1927 3513 4342 304 4001 1735 4300 1080 420 820 2171 4658
1310 1614 4247 2664 2914 3946 3820 1363 176 2637 2983 2208 1709 4513 1952 1510 2092 4573 2035 193
3526 3890 4472 302 1245 3770 2037 4278 1001 3471 1182 2060 4668 4145 3437 1999 4565 1829 2643 3359
2909 2519 1279 3976 3927 679 4827 2167 1450 3177 2258 3110 4823 2733 2523 3793 4262 2315 1882 3340
3448 3728 3788 729 4179 2799 3390 3067 719 746 4041 850 3584 4109 4106 1051 210 3956 2185 4695
2128 4022 2927 434 3933 3429 1392 462 1947 2816 3298 1311 1881 1712 4506 2627 815 3038 2779 725
3544 856 4571 4438 2627 665 2077 4056 3382 1970 3623 1592 346 1557 1538 2878 4478 3524 2227 694
1204 2319 2003 2116 3360 4846 394 203 3080 3805 3092 1247 3280 796 2497 1508 1548 3928 4291 4573
5000 1785 4399 4288 2852 851 3829 1858 4452 2666 380 1005 3485 2931 4889 1918 2875 2511 2118 1927
