2233 4927 4423 4009 2321 4682 512 1561 1678 924 3742 666 4647 1585 2428 2186 4578 807 976 1834 2222 3997 3678 3344 3487 500 3918 602 3148 4470 3363 4919 1372 2388 887 1200 489 499 2967 267
2930 3682 3654 4103 4287 1165 2056 684 3641 2176 2379 2382 3842 805 3019 713 2642 4199 1455 555 4419 2641 1036 308 449 1717 4135 3135 2284 1165 1385 538 2953 4494 1455 4796 1975 763 3952 205
2011 3472 3629 522 4423 1097 3718 3318 1092 3445 951 4992 4844 566 240 1290 4088 1479 2313 1902 3844 1932 4240 2376 4150 2200 1303 2793 4963 3535 4929 3410 3615 2377 1970 4581 3536 4900 4076 1562
1596 660 3833 387 2966 2630 4696 2659 3955 2614 3805 3365 4231 4461 1641 1624 1945 887 3290 2965 1982 4801 4910 824 649 2777 4373 3845 3813 4542 3560 3043 1777 3012 3301 804 4772 3955 3728 3861
3878 3702 4257 4916 3605 4677 637 3119 1017 1571 669 2007 2197 4166 4447 4047 1335 4861 643 623 2209 1354 3554 3131 1962 1360 1708 4653 658 4854 1994 1898 4204 453 1385 4437 2646 279 1005 3106
4158 1327 3172 1363 2747 3986 3102 2603 1487 3519 2870 3756 3159 2669 2897 1031 4894 840 2603 4445 4028 190 3833 4217 354 2689 3798 4263 227 2486 4099 1034 4075 2669 2165 2826 3481 2283 893 843
3614 3654 4427 4436 436 155 744 3659 230 1691 1471 3761 4558 708 3024 4828 3228 4495 640 4476 4040 455 2834 2285 1777 3075 3074 4105 3080 520 107 2503 3518 4388 4898 2470 927 1154 3919 3373
1944 1108 335 726 2788 3672 708 4535 4840 3818 2839 2465 2738 3276 4265 4417 3969 1353 2321 4408 1099 2905 762 514 4038 176 3906 3974 1210 1380 3162 2626 1145 622 2724 3155 1995 3890 4931 3938
3616 3617 4891 4303 4190 2457 3365 3138 3721 2889 4888 796 2550 3253 4785 4255 2996 3964 2064 3930 4856 815 1401 1155 1410 558 381 1794 2488 2352 145 365 1744 422 1957 1473 4068 1637 1378 1713
4521 1389 1308 3246 1867 4932 1326 1720 1214 3247 1921 4454 1076 731 3795 2453 3818 568 1202 4731 3481 1671 434 413 3549 4716 4365 1228 4659 165 2804 1667 380 4254 3474 2319 782 1096 1282 3451
548 3984 1835 2953 1627 4673 2440 3047 4378 2172 2861 386 3674 4323 1941 3623 3840 2622 2841 666 4683 2815 1309 3523 2207 1092 3771 1254 4673 3343 428 3456 1389 3247 2095 449 1889 278 1991 3975
3962 684 241 4637 2936 2366 4369 2084 2915 1652 2009 1036 2719 1184 3150 4128 1955 2903 4953 1834 1237 847 4664 3377 4363 3029 738 5000 2355 2078 123 1760 560 4312 3516 3957 3406 688 3289 2376
2220 3605 2409 4128 3637 3800 2791 504 4470 864 2195 3289 1196 3252 2834 2872 4620 2650 2068 125 825 119 209 2423 4092 1525 4156 1111 2306 3272 3665 4434 4945 3913 3431 2363 3398 4099 4511 4059
3852 159 138 371 3599 595 3052 3600 3303 2514 1347 2475 165 1144 1736 2567 3363 1609 2615 3610 4546 1719 3451 119 1720 4643 2742 663 4475 1086 572 1662 2853 4661 488 4244 3536 614 2725 2400
2765 3622 2962 1041 641 105 2040 1227 416 502 3721 1432 1788 679 4493 1259 1414 1603 899 2956 4207 3245 3289 3859 4135 3344 1620 2756 1009 1747 4203 1561 1041 4861 1524 2938 2860 2995 4708 278
531 1628 4853 4331 747 2707 4297 3185 4029 4046 123 939 4234 3210 813 4877 3075 4604 2698 2494 2520 4866 2308 2693 3058 4411 1014 4181 1576 247 3388 4582 3756 1074 511 994 443 838 2117 2590
2311 291 1053 3450 2390 1523 275 1937 3344 3292 1574 2693 1652 3773 4242 3180 1324 1870 4723 538 2085 868 4037 2320 4503 1207 2188 2331 4126 2163 3451 1223 1254 4249 611 4306 2117 1869 4994 1664
1662 2786 2967 2973 4374 532 4473 2479 2883 2988 1437 4306 3111 3455 3809 138 441 4636 501 1260 3869 1505 746 2019 3724 2624 2498 2806 1650 4314 4235 3078 2010 2147 4386 4168 3711 2065 2545 3071
1172 4865 3520 898 1242 4788 3827 3878 1322 4465 162 1485 2986 4699 379 2868 2710 815 4967 2721 2701 3698 4464 1879 877 1613 4110 4647 4405 3816 3969 1104 3026 141 2417 4836 4547 3175 1177 1980
2861 4037 1256 307 4823 1915 712 513 287 1304 4003 1074 988 4829 4031 3724 4114 560 1408 4373 3870 1746 1031 772 1416 4358 4361 2396 3361 4952 3021 3609 4589 4026 2072 3855 867 1150 761 2663
3821 1363 103 427 1106 403 2797 4502 4552 3091 4405 3709 1697 226 957 3103 3327 3369 1345 3458 232 4944 2005 3375 4955 1520 537 2227 4017 556 3502 2899 4724 726 3430 372 181 2827 3584 4043
2667 4186 897 3988 3626 1941 3501 2229 1023 2652 4036 3151 2049 2665 1555 529 2526 4671 2302 1781 732 4424 4809 4482 2554 2267 4062 1678 111 2917 1765 2012 4488 4360 1927 1194 4586 2021 2392 186
1763 4799 2915 4032 3724 4351 3108 2936 4407 1832 4111 3365 827 3014 1153 4480 2356 4745 782 3934 2613 3366 4557 3840 2260 2460 2868 104 1551 201 3897 1256 508 1015 4083 4189 4297 3735 4692 1661
2648 527 4845 3492 2359 3090 4176 291 562 4250 2177 3557 4323 4707 4469 1016 3846 2550 4284 4941 4010 3593 687 262 2250 2679 4744 4140 1171 1748 1005 3659 110 3020 4454 1752 311 3614 2019 2538
1192 3914 1157 2086 4099 695 741 4414 3644 3928 4240 2086 3992 4541 4824 1187 3892 902 3619 4837 3822 1271 1880 1516 157 330 4349 2589 3478 2052 3260 1019 910 386 2106 2007 2779 3133 1140 2495
1128 4705 253 1870 2506 2424 4002 3127 4908 999 170 1833 4110 482 2483 834 4640 4268 3175 2474 549 1725 2515 2500 2771 480 4716 4271 2595 1025 691 4370 1409 4069 2420 1721 3959 2579 4693 1806
761 4652 806 879 2073 2044 3163 128 881 383 3267 4275 3790 1300 687 466 828 942 847 1302 1359 3976 3184 4107 3824 3976 2017 3100 2112 1890 133 623 305 1048 3201 354 2107 2535 1841 145
3346 3022 4604 405 2970 2028 1688 1725 3175 4393 2418 3310 1697 3751 1960 609 3011 1868 2186 2270 4731 4066 1668 4371 900 3008 1286 797 2280 794 551 3303 1760 1915 2938 4805 3677 231 2160 4911
679 3041 1374 1538 2556 877 3481 2094 685 1702 975 880 3603 1568 2094 264 2999 1586 2305 4932 939 4783 3078 4872 3624 414 107 2391 3467 4712 3590 1855 1570 1748 958 1115 1740 2316 4540 1871
525 3123 1504 3079 2348 2958 3500 1138 3002 1554 4552 3883 920 4132 3900 1554 4728 2241 3850 774 2138 1778 3479 1282 4574 4168 1269 713 3689 344 474 1455 2300 311 114 2509 1936 1312 2114 4073
629 2131 3882 755 1691 1229 1614 4324 1469 3144 1243 1389 3303 2395 3834 2389 2976 1068 1462 3567 2154 1618 728 2751 4653 2937 2978 4151 2769 3028 3349 4311 3580 237 2880 2660 2896 3378 4528 4957
2582 4755 185 2535 2509 2365 2008 2147 2204 1714 2684 569 808 1355 1693 2318 3226 4583 3798 3523 3607 699 4536 2881 280 3133 1326 3368 2658 742 4857 1154 3854 2750 4596 3512 3693 2596 3770 3611
1879 4431 924 792 3390 2600 1225 1462 4258 4039 2409 1886 2118 4121 2435 4658 2730 2778 3936 2165 2566 2807 3322 525 547 4305 2238 3043 3939 3190 4478 2868 1075 3616 3484 2748 4645 3830 1681 3134
3722 1823 2704 4314 1719 1932 3228 3544 3440 3487 1952 366 4298 4271 867 2145 4664 1436 1453 4982 3497 3265 448 4725 3911 4835 2614 4629 4992 3121 1070 4952 1065 2595 663 3260 1739 2047 3645 4802
446 3543 2350 2380 4850 4523 1080 1554 221 3176 2859 3971 1899 1629 1696 1311 1180 3538 1866 4397 4539 4115 3996 3594 340 3833 1604 1739 1073 846 4182 3889 239 419 949 1951 2469 104 1734 3834
3342 1798 1060 1359 973 691 3619 2712 651 3637 4493 4291 162 328 2638 625 3765 2199 1640 4899 4386 4427 4000 3503 687 929 2625 3548 1319 1581 1649 4315 748 1968 3240 2212 2866 4556 3140 2232
2427 4292 1126 2061 575 2387 1155 3531 2475 4494 2677 4785 2029 3724 1125 230 784 3540 137 2961 1334 2206 4513 1406 1755 1351 4358 3501 4661 2469 4953 1782 613 2481 3909 1063 3863 3976 907 1976
4523 4671 2278 4584 3953 3621 3714 673 4060 3531 4032 4528 3731 4021 3872 2951 4756 508 4209 774 4052 169 2961 1348 882 1120 3765 401 2827 330 4078 3046 619 3474 409 1428 567 918 4420 2774
3001 141 3406 4306 999 3184 3067 3995 482 673 346 1486 4545 3303 2688 4592 4260 2928 3606 3063 347 542 3447 3303 273 2539 2062 1292 2750 3110 4309 1594 490 4346 429 4393 4169 702 636 2327
4813 4106 3604 3228 2764 285 851 2798 1673 3396 4826 2587 2302 4486 1665 4089 3620 474 2991 3390 3321 4428 1362 4478 1316 1645 1096 4076 830 4661 744 122 4470 3119 2137 346 2694 4565 2426 4453
