2987 215 866 4636 4689 1715 729 989 3128 411 200 846 2159 960 1432 4367 1059 1229 897 1720 2704 448 3898 3777 2837 4679 1414 1996 481 2421 3785 2696 350 556 2029 3855 3459 4911 4472 2101 3481 4457 3086 3640 2275 1366 1100 3067 2453 3202 4517 1875 2341 1853 106 4247 4451 372 3099 3935
493 4345 2311 288 1217 3820 1824 2358 2737 3140 1125 3605 2209 3549 4021 2141 3169 3776 1406 720 1327 2164 3571 1500 2078 780 3487 2165 724 927 3226 819 790 3026 2419 4828 1633 3845 1721 4025 3149 3179 730 2111 4818 4360 4284 584 1912 1669 4170 2621 4569 2248 795 1713 3088 3591 4726 3475
2926 3955 4911 3314 1658 1625 4669 1274 2532 4881 2796 4674 1303 2101 2089 4119 122 2264 1096 4410 517 1827 759 2439 2109 2679 2302 3932 3623 904 1538 1073 731 698 4289 4745 148 2865 2363 3940 4543 732 3436 4438 1353 1167 2609 2242 2886 1353 2664 916 1755 913 2576 3660 822 4411 4458 2279
3356 2766 1391 131 4043 3627 1243 3112 4212 4980 3903 4127 4469 3865 1442 3473 4014 3605 3259 1092 3628 3439 1965 2346 119 2982 1699 2478 449 1270 3510 3720 3576 4522 3375 611 3463 995 3618 326 1747 4202 4286 2193 3655 130 912 1766 4873 3845 702 943 4466 4838 1636 1928 1865 1238 1032 4800
2542 578 140 2885 2663 3792 2702 4687 4221 3768 1915 2694 1207 841 1053 3829 1395 924 4944 4945 4610 2194 2890 1394 446 2882 4098 1442 690 488 735 1744 1839 4957 4479 2423 2050 1502 2783 2634 635 3255 1056 4575 4927 442 3146 443 3289 1341 3129 3844 923 4163 4416 4468 1170 3266 3533 4842
2703 2237 2314 155 312 3165 4835 4745 4266 4979 3612 4653 3833 936 4053 4478 1692 4960 1433 1404 486 3243 1222 2215 976 4646 1030 3834 790 4717 2481 241 174 938 4485 1166 879 579 1588 4100 2658 4431 3519 2703 3925 1807 2165 1449 3542 385 753 875 609 1672 1022 4476 4885 747 2577 1718
1897 1415 625 1679 1318 859 1444 4519 1779 3374 3458 5000 2464 4679 1318 4535 3785 1197 1732 249 2955 3766 754 3469 613 4029 2336 3520 3432 501 4878 4384 4261 346 1517 2169 4532 1408 699 4910 4829 3501 3751 1275 911 4984 4520 3940 1085 1067 2315 2339 1020 820 1638 4329 3446 4320 2235 3957
531 1363 2594 4638 2997 348 4630 2677 3630 604 874 2272 3438 1962 3833 2321 138 4072 2842 1885 678 1817 3230 4906 2284 1493 2004 3329 1408 4049 3267 389 3980 2296 4851 4813 2480 1319 1297 800 567 1853 4314 1851 3806 1937 4533 1828 2394 3432 1327 962 696 1698 1469 927 993 1630 3326 728
2423 2267 1247 4793 1075 3623 141 693 995 1231 1435 1828 405 3940 2220 3962 1181 1103 660 4370 4061 3933 2606 4168 3730 2072 2048 2685 2948 3454 2339 2943 814 3983 4081 2342 2371 3115 2998 3397 2912 279 2040 153 1567 2357 2190 3468 4510 2955 3116 2098 3001 2818 3216 4644 161 642 2342 2685
1015 4072 4671 2849 3163 1738 1082 2739 2611 3283 2172 2995 1967 2942 1716 425 3899 1216 528 1536 3674 1314 4471 2116 4871 2889 2479 1977 3757 1956 642 4196 1502 4198 1031 2587 3948 1059 3707 2634 1232 1916 2199 2951 1677 704 247 3152 4268 652 1294 677 1082 3318 4477 568 141 4307 2813 1946
3398 3475 786 189 3276 4906 4625 3899 553 861 1470 2783 1983 3984 118 1335 2837 3024 683 1683 1963 169 1237 987 1011 2835 931 4616 2727 3166 4926 2934 160 1477 342 2948 3321 2915 910 2840 1478 2527 1281 262 4684 4637 2940 1673 4907 3785 1411 765 2177 916 4434 2092 3022 2184 3481 3631
1592 4361 1163 4265 1007 4936 734 3706 2499 1275 1725 346 435 3116 1745 1125 3968 2669 268 4233 4349 2211 3886 828 1188 1885 1023 2491 657 2378 1332 2037 342 4739 3368 862 3568 109 1247 3431 3820 1291 1386 3856 1076 1501 3407 1140 244 1755 3516 886 560 4785 3440 161 4747 4485 3683 4829
3166 692 4935 587 2090 4268 4902 2309 4536 1842 3793 2193 4236 4607 1301 2749 4380 4717 203 1869 3919 1835 2728 2884 4386 836 2351 779 351 1676 4465 3734 1387 1105 418 1561 3973 807 1160 1015 1868 1948 3621 4848 4153 4788 1273 3080 248 3304 3686 2700 1151 2727 568 3715 1683 678 3069 2924
1196 3062 2743 3481 2703 3234 1962 392 3247 4556 2801 4028 3507 3894 3144 4474 535 1836 2390 600 1632 4526 2168 2328 783 4329 1076 2373 4686 504 2914 2592 2262 516 1545 1673 3049 4674 2354 2394 3846 2475 2695 4255 3122 4980 2528 3431 1456 953 2332 1899 1780 3817 3741 4114 308 1509 4132 2001
4430 2958 4737 1349 266 4311 3120 1542 1093 4044 1168 1432 3609 4228 1528 2199 2226 3461 4936 2874 2658 3882 797 4853 2654 337 4628 4247 1185 1620 2618 4973 1126 449 1183 628 3586 1486 201 656 4914 3417 1792 3730 1711 1965 1454 2353 4415 790 2539 3784 505 2263 232 1423 4307 3476 3237 4102
2730 3122 521 1820 303 3248 2352 783 4874 1556 2823 3944 1108 1853 1210 2006 2129 541 4952 1307 2790 237 3908 823 1088 699 2440 4192 2759 327 1235 1330 567 4101 3860 554 2966 967 3121 2355 2479 4150 1257 1359 722 4735 729 3356 1456 4053 4612 1926 1705 1362 4752 3359 3584 2223 4743 4428
364 4659 1891 1575 2794 3487 282 1203 3929 1741 4682 4203 976 952 202 4951 2626 3651 3129 2036 3088 3199 3764 1035 2047 2747 2814 1627 4690 1024 256 4982 4931 462 522 584 2660 4616 2671 3409 3198 452 2561 4909 4584 3757 1880 4333 3825 4585 4367 3591 198 2869 4952 666 3539 2991 4271 4242
4012 1308 3693 3546 4243 1350 2028 2507 1738 1466 1758 4282 3013 4635 855 4706 1310 2901 4773 4753 3751 477 1603 4234 438 2738 4405 4888 4009 1614 4168 2824 3402 1477 3924 4149 4982 2640 3551 521 2839 3162 2013 3183 4190 4328 2637 3938 1853 3231 4612 3869 1757 3634 3995 2254 3251 721 3591 2959
3123 981 3440 2861 3238 1126 3527 4475 2669 3564 4504 4267 881 3434 1134 1666 2207 4408 2157 3273 4496 2519 3429 2580 1648 1187 2640 4147 4802 4953 711 239 3033 2948 396 1885 4676 3998 2883 2163 2375 2123 713 2825 1838 4386 1249 958 815 2024 4408 826 4891 3957 4679 283 1587 675 185 4423
3839 577 4124 1244 627 1182 896 4060 4558 2184 3405 4693 4624 4687 1264 2007 510 3532 3561 2310 3589 2499 2454 4987 4194 1107 3060 3455 4459 4247 955 854 3282 4646 2493 4836 4507 3265 2747 3770 1791 4431 2380 672 2263 2131 1971 4860 4884 2726 3415 1799 1216 3184 4945 1962 654 437 4520 3341
3739 2022 1335 3948 362 2506 4662 790 407 3448 372 3759 3809 4292 751 1569 1917 3291 172 3965 1114 2733 3076 1575 1364 2765 4959 550 4458 1960 3170 1002 1779 1643 1174 4574 3956 1772 615 2569 2386 1405 3669 102 1652 4509 2073 491 2110 2061 129 1768 4140 4490 1697 565 4160 4150 1234 659
3371 3450 2500 4637 178 1190 3395 237 4176 1244 1611 2413 1151 2688 2175 186 418 1314 1764 601 4250 439 549 4823 1573 3773 3002 1046 349 2044 980 4815 2442 2457 3632 931 823 1142 2454 2105 3660 3391 4062 1139 3893 4863 2850 833 421 319 4817 2757 2523 642 841 848 135 1792 2007 3607
4502 1456 2654 875 3980 2357 3040 3867 514 340 1437 2615 874 4391 2257 3116 4194 3432 4667 306 3496 558 432 4566 1509 1986 4848 2428 4098 4294 2150 4075 3004 3402 2453 776 3385 4001 3231 4686 366 106 1613 4120 3500 3288 654 2055 1285 4797 493 1725 1865 1230 1554 365 2141 3714 884 3741
2137 4880 2781 4298 331 1781 277 3908 341 1904 3514 3205 1621 2592 3328 2012 4105 721 4671 1314 1088 1432 4345 1047 3646 2665 2700 249 2239 1015 1646 1498 4089 1775 1554 2790 2255 1617 2477 3985 1309 1078 295 1467 3566 1245 2499 2031 2340 4804 1815 3931 148 4827 3593 3022 466 4798 4034 3651
4439 3601 2169 1743 3276 108 3639 1431 4166 1333 2858 805 621 4838 585 2939 1224 2143 1154 3824 1444 2711 2340 3679 4700 3113 2058 668 1741 1369 4111 1311 1339 4319 865 4438 3909 4156 3870 1726 4247 3034 2000 1727 330 1612 2664 3935 4718 1369 1154 2725 354 601 4328 2596 416 3891 2659 884
3708 1018 3913 4940 3190 3008 4835 1482 4785 496 1896 2150 4485 4926 1994 2640 3384 491 4657 4885 2439 2240 177 108 1439 2409 356 480 991 471 3809 4918 4502 2215 3015 1773 1213 772 3528 3761 4608 1207 1281 2669 4572 3678 3828 2905 3622 658 1101 2947 2683 2630 1440 4322 1331 3437 3672 1597
3995 1802 731 2214 4994 2550 4692 4948 4335 457 1298 3407 2076 1022 1580 4244 1950 3324 3989 2381 3149 2860 4937 797 476 1048 1532 2662 3309 3970 3165 1826 1644 4314 3190 4671 726 1135 389 2566 4168 601 3666 2964 957 2931 2642 1270 4002 4005 1803 4026 3787 590 2583 3704 1124 3420 217 4389
1480 3718 2663 1330 4788 864 1332 4293 2311 3815 3258 1818 681 2481 730 3764 3786 267 4429 4944 2361 633 1153 1955 2739 951 3503 4823 3041 4880 2666 209 2748 1660 710 3969 247 1730 3299 2379 3909 1157 4560 682 4792 488 1619 882 3155 3873 2869 3972 4003 3822 2520 254 4571 4520 3034 200
2462 3778 4705 2909 2776 4677 4785 1607 4789 1345 1858 628 1861 1099 4248 1960 4197 476 3705 4304 566 1100 4143 2182 954 3386 2496 3471 435 4314 4074 2783 2284 4156 2588 672 2543 3685 2267 825 856 744 4092 2858 1138 4322 1793 4717 3459 1243 2764 2765 3425 2522 2442 1820 4861 1997 2151 3554
721 2470 3975 3990 2505 1245 3038 185 3316 2321 3194 1864 4272 2069 4816 4789 627 1313 341 638 1776 2515 3712 1853 4594 2431 4403 3359 4962 4844 4408 806 729 4472 2115 1661 616 1797 3314 1213 1771 3605 3729 4237 1330 2366 1337 1974 953 3120 4587 1718 1981 538 2921 2702 129 4018 4590 3210
679 4787 3955 3642 3941 2824 801 2681 2811 2346 3576 3425 532 353 545 3921 356 1944 4537 924 1349 3756 759 2827 3293 1406 3819 4016 718 3027 3849 2952 4636 4652 4653 4751 4442 3808 3339 4070 4161 3247 4449 4477 4575 4382 1384 4066 2833 4036 3386 1793 387 807 1867 687 1576 4536 2582 4647
3085 1820 794 414 639 183 103 4353 632 3021 2098 856 1879 1624 3344 4049 4626 2896 398 3987 1907 699 937 4799 3526 210 1231 1347 2236 1763 3708 3341 683 3670 1231 1914 4051 767 1312 1981 3692 2323 3535 2631 508 3054 3150 4623 4329 545 2797 4157 2295 1808 3351 394 2723 3161 2103 3028
4365 1195 2548 294 1572 1827 2030 1073 947 3917 4828 4211 661 3300 335 3067 1345 3459 3365 1343 3353 2945 4706 2146 3494 2175 1011 995 4755 4496 4550 4012 2236 1393 1501 4207 474 151 4964 3694 4827 4921 2038 3019 3158 2258 770 526 212 4012 3192 274 3247 1438 1103 2705 4152 4806 1631 1027
2532 4100 2500 2373 1852 1371 2745 2748 1537 1790 4766 154 1381 426 3750 1299 523 1775 2663 2508 1129 448 2885 4692 3544 2170 4485 3338 1161 736 2854 4312 1388 1893 1040 1071 2075 1568 2229 3739 4127 1089 1745 656 4115 1893 3147 1004 2671 944 537 2969 4931 4738 2756 152 3970 2859 116 2801
311 3798 3885 4821 517 3633 460 4924 646 3410 1843 4918 3154 4634 2456 4962 1143 492 1993 1001 2242 1149 1438 1256 4453 4361 2317 4781 1554 2656 3701 3303 3040 1790 4145 1447 760 4643 4050 269 2500 2360 4347 103 3943 4895 3284 121 4920 1995 4106 4285 2622 3808 2276 4442 3757 880 1615 4806
2900 886 3598 1251 3839 2394 248 1069 3379 2863 4582 4938 3561 4549 4895 2110 3761 2369 936 829 4131 1506 3149 3312 4169 338 967 3003 1131 2031 3507 3908 1632 3532 2308 2011 2335 3841 3810 3559 491 260 1011 1019 4206 2746 142 2359 4698 3277 193 805 4094 1668 3969 1420 492 877 3480 925
3028 1146 1007 3438 241 4234 4399 4118 919 4641 2306 4243 4451 766 853 1805 4104 4258 3633 2376 4778 4439 440 4584 2366 4973 2536 329 1005 461 3871 750 2086 3085 1682 2230 1002 2123 728 3359 3309 3361 4318 1124 4596 4982 2691 464 782 2444 4304 3884 4901 1095 391 2772 2094 4726 1590 1707
4952 2310 1173 247 1278 560 3157 2188 1132 4686 4649 1776 4146 1887 1076 1805 3315 847 2310 426 895 2325 733 639 4900 2909 479 1102 2035 1628 4574 2437 4423 2814 1807 1537 4012 3393 1902 2009 194 3944 4079 4412 4144 4427 1624 3934 732 4469 3349 1064 1382 3346 408 2726 4230 211 808 3761
4692 3081 4810 2724 1046 4419 587 2642 3523 422 4661 2032 2408 4892 387 4317 3323 2055 4421 1706 3052 2983 2837 1992 648 4832 3462 1522 3698 4679 559 4980 255 2942 512 1314 2837 2836 1627 4512 153 347 1956 1969 2985 3550 1145 4194 4825 3163 1185 3285 585 2678 780 2610 3529 1710 791 3723
4914 1011 1897 3490 4684 134 3482 4633 3086 814 756 4465 4429 1253 4652 4026 4331 882 313 1480 145 4900 784 896 265 3661 1157 2215 998 1919 656 936 3337 3585 2474 2160 3043 1329 1928 2998 1094 3469 2449 4020 1772 1130 4707 2627 1681 1435 3765 691 1284 1575 2696 3199 190 1588 4801 220
2023 3969 277 962 1014 1374 2038 3673 121 4906 4961 954 2916 1769 988 3798 3547 2165 3446 1348 1570 4967 4594 3787 379 1673 2959 4400 3487 3447 4050 1304 3658 1965 3694 4015 2933 2200 3767 424 2548 669 611 1091 2850 692 2934 2636 3403 1784 2445 3315 4134 2210 1150 1689 2718 3360 4590 2657
2436 2430 3751 1939 3280 942 295 2924 3197 1327 978 4585 4229 4096 4114 3016 1689 2981 983 2235 2370 2918 3590 3441 794 1757 4885 3485 1394 4009 165 4743 235 2110 3592 1473 1219 3447 1332 4808 3759 1234 4724 875 2366 3757 785 4843 3833 3409 1077 2969 2845 4206 1350 4886 3276 617 4711 4539
3595 4481 2286 1294 2092 255 4071 668 3011 4871 1408 1203 892 2014 1011 2038 2414 1740 491 2165 3733 888 1442 1604 2562 1785 2422 2810 2295 2662 2793 2919 1799 1420 209 2112 683 1290 3776 623 2534 4446 4361 3991 4966 620 3616 4740 1972 814 3357 4923 1432 3430 1709 3334 3926 4439 3524 292
735 3601 2708 3315 4774 2376 2629 174 1906 1115 3702 4374 1165 1165 4613 1146 2131 3512 4553 104 3175 2029 2850 859 1150 2852 1289 3957 2829 1086 3138 1497 4776 147 2789 2564 2201 4100 1839 3278 3678 1356 4714 4538 1637 3214 2528 1800 843 2703 1770 3781 992 811 721 3480 758 2595 932 3653
4796 632 3310 586 1199 207 4889 2205 2272 1799 715 4571 2710 1517 938 4801 2464 4463 3316 1185 2936 3242 212 2467 4205 3258 2900 3248 2913 1711 1107 2068 1544 3339 235 3275 4945 1075 1498 1721 2821 1137 3006 1613 3003 1242 631 3497 4722 3883 1503 2491 4609 3361 2946 1381 3353 337 1658 4930
951 884 871 1852 3745 546 3280 1878 4514 3227 2192 250 4686 748 2538 3528 1971 4099 2745 397 3173 689 1383 4945 4013 3378 178 2645 4555 149 2082 629 1260 2745 2672 4551 809 4347 4007 3430 4145 668 1289 2546 2598 3170 3167 639 2043 3310 2318 473 1632 4251 1216 3653 2506 1625 3457 4902
3898 1004 4153 1820 3199 511 4479 3798 1981 4593 288 4656 4001 930 2366 4728 1854 2779 4653 3127 645 3785 4666 4628 2973 2613 2506 2986 1482 2545 4569 3722 2182 4956 2054 4215 2370 633 558 4691 1592 4668 3040 2149 767 2085 1072 1655 308 1984 2644 1286 4231 3406 411 1680 3603 299 2641 3698
4501 1998 4747 4820 3966 1913 280 1287 2538 4180 3304 4250 2803 3275 1554 945 480 1269 3936 153 3806 1624 302 4655 4356 653 552 2135 573 4462 2530 1926 3229 1527 2252 3111 4389 4540 2333 2720 4306 2194 3250 163 4776 3688 444 2822 551 1960 1299 4692 3457 3871 3605 101 3667 3434 2870 272
656 188 2164 4202 3566 407 2806 4004 2332 936 218 3355 2566 4425 3578 2725 4498 3332 3936 2880 2809 434 4241 4995 223 4765 4385 3048 4853 4321 4557 2287 1944 4945 3865 184 3242 4299 3681 4359 3797 1215 3220 3263 3845 2193 3146 4263 491 3407 1531 3202 4281 695 3183 3741 1312 4568 4990 1892
3825 159 494 490 3801 403 740 3434 4408 2954 1745 4627 4786 367 1679 4090 2748 2194 3786 3276 4727 1839 1675 977 2464 1022 3466 752 2213 2322 3457 3744 777 2495 1395 2540 538 4379 113 4943 3650 2493 1768 2566 1453 387 1360 2096 2783 3701 2025 3363 516 4948 4305 957 2782 973 4718 4089
1210 4120 4529 1498 1913 4558 2649 1618 3351 1081 2451 1814 2682 403 4720 1185 2971 1037 3127 1224 4512 2454 3083 526 265 2045 1717 1010 3023 688 4669 935 320 1310 210 2589 2146 2527 2640 2248 4683 4846 1256 2520 3568 1583 1070 320 1846 3342 2844 1814 4411 4616 2683 1484 3035 4443 3236 4426
2405 3233 2143 228 1153 1556 4011 793 671 2264 1295 3827 787 831 2697 3066 2885 2039 3030 3405 2931 287 3608 3844 3112 4672 3953 1020 2966 4998 4155 583 4406 894 1854 220 1179 4583 761 4901 3017 3124 4078 3483 297 437 2202 323 2184 473 866 3769 2260 1421 2309 2251 3199 578 4915 1120
262 855 3606 1950 2511 352 2553 1511 2554 745 1330 3369 1682 4549 921 1677 1754 3045 2826 746 2211 2501 286 177 2787 1407 3774 4853 4386 1037 1411 3517 2540 4857 3517 4910 2304 443 1324 4724 266 114 4518 3056 3483 3841 4722 979 3862 2676 662 4377 988 2608 4410 595 3295 2977 2956 1844
4922 1281 327 1999 2367 952 504 1025 1068 2960 2394 2515 2412 4369 1789 4925 755 2953 2522 4085 2762 2608 3203 434 1857 4101 3061 703 964 1044 3009 2080 900 916 1286 2719 210 4300 4026 4467 2543 4378 4720 835 1201 2213 3424 792 238 3995 4775 3062 728 3856 3979 2087 710 1542 2089 4687
1436 2520 1862 2453 2021 624 2357 1480 1309 275 4086 2796 1788 577 298 1369 1397 3160 3286 262 1912 3135 942 219 1764 219 1839 3218 1518 2709 110 3732 4304 4177 3274 914 1128 2486 3971 3245 3319 3371 4653 4136 1911 2521 1376 1686 285 3692 535 698 2629 3759 1852 2524 1321 3813 1754 444
1242 1404 4063 4045 3479 815 101 3549 1676 4179 765 3819 787 4671 257 2614 3087 3828 2771 4265 1775 2239 1776 736 3077 4774 4638 336 1704 3729 477 4495 933 4070 3252 3450 3285 890 1014 3196 2103 3080 1596 4415 4563 172 2217 4381 4133 268 3397 4017 1459 385 345 283 2352 301 4979 3275
461 4009 4448 2919 4530 545 3292 4975 1535 4916 2048 2703 2960 158 1729 2484 3108 1687 4814 284 4745 2157 2616 1545 2183 856 581 1415 2122 4063 3563 1829 424 3887 1505 3729 4078 2681 2763 1830 3018 1750 4813 4433 2503 4321 2932 4662 2542 3853 4440 2449 1068 2805 142 4373 2933 4777 143 1276
297 1660 4807 1131 2698 701 895 2057 1360 724 824 1967 3247 1375 4638 732 1357 4713 1252 3808 3807 4643 2216 1857 3179 2562 860 4425 3902 3649 2784 3781 2741 3070 306 2593 4399 2423 1014 922 2660 470 1835 4536 3448 834 841 1708 4824 3532 2456 2429 700 4717 684 3664 2724 152 4494 3254
3472 4245 1152 2071 1302 1077 1507 1370 371 1902 3684 2894 2086 4357 1004 1957 4120 731 1401 4363 4416 515 2085 543 734 4627 510 4441 4071 4252 4506 863 261 3003 3059 1974 1865 2930 1820 2120 882 2051 3159 3234 1191 2543 2496 3147 1470 846 2697 1435 2899 4712 263 1335 3125 3484 3729 2210
1371 4796 2550 349 3654 711 4896 1195 3172 4867 2392 2155 4030 797 2466 2750 1618 275 3496 3066 2510 2331 4605 2330 2709 4440 2995 426 914 4739 1304 4673 3844 1484 4843 519 1028 1286 1250 3309 4766 1778 1611 3464 115 2597 1379 1086 389 1037 1352 577 1890 2478 3333 4627 2732 3328 1028 2970
