3544 4154 3101 2130 2216 1029 1457 920 4052 4226 3119 1714 1357 1894 1189 3887 2665 3912 2191 4164 4853 1925 1562 3088 2023 883 1487 1587 3405 1695 4196 2146 4488 3982 951 3120 4368 2248 1057 584 1972 4485 110 4444 2056 1136 213 206 3835 3467 830 3786 3235 4396 1630 2768 1948 162 4449 4684 4770 3903 3173 555 565 3936 1064 4072 2131 1409 4720 4051 3681 4677 3158 4981 2918 4075 255 555
1983 3008 342 822 4443 2712 1307 4242 4457 3063 331 720 4538 3500 2009 2503 3255 3966 4333 1567 2899 2411 1779 567 2709 4384 4127 2466 1614 2287 3538 2814 2789 1015 3167 2456 2477 537 3628 1490 2041 433 4952 1154 2246 4387 1167 1180 2395 2107 1488 2976 2596 3674 977 3141 3104 679 3036 1931 3704 2006 1494 4246 643 3703 3533 622 551 3168 3654 2550 3596 1513 3507 201 2224 3264 2831 697
1828 260 1055 2683 1870 937 2971 986 2559 3622 1033 1328 2995 889 4852 3755 3301 1939 3303 3463 3333 4187 2696 4721 4295 870 2258 422 2739 4839 4188 752 4890 2535 831 3140 856 1562 4774 3153 3143 3893 1301 2942 600 4422 572 149 1730 4593 2471 360 2660 1351 2565 1464 2573 586 2040 1570 4291 2965 4699 2464 3116 378 942 2073 2309 3488 691 353 3320 3461 2728 1430 587 1600 3075 3958
1527 1247 4047 4558 1536 3142 3599 2151 3790 2716 1605 277 1017 2469 2234 2200 372 242 3651 1017 3318 2853 1605 3008 2210 4109 3358 2268 3370 1762 1590 2937 3387 1602 3774 996 3290 2510 3376 722 2332 4795 1818 607 4491 3917 4233 1899 2213 4181 3890 3434 776 2672 4430 2303 3122 930 3232 459 4335 4037 1935 262 3075 2068 3689 2231 100 2941 4428 1587 349 1918 1417 149 3265 435 1494 3133
3887 103 1834 718 718 2227 891 1943 2028 4589 661 3451 2703 3848 1466 1502 3395 2668 1831 2416 2654 113 2911 2957 1417 2655 2595 3600 3745 2321 3875 294 946 3627 4280 4572 1475 2329 476 4398 174 3338 4950 164 4882 4386 3054 3836 2657 1935 1605 4649 1495 4370 2733 3208 147 3674 3403 980 212 2646 4295 2576 3152 532 4711 1771 3054 4822 897 3137 3157 2616 223 3416 2013 4344 2316 4159
4806 4233 925 2209 4638 4228 4436 4559 3522 1260 795 2868 2287 913 1327 464 338 988 1878 1008 3240 1647 804 2059 3704 1051 4687 297 1083 2255 2814 2292 2732 3879 4524 919 1777 2834 3615 1699 3485 890 1389 2150 1029 1870 3109 694 413 2602 682 4374 3860 1778 3212 763 4316 3501 1207 3421 2147 444 2464 2822 2118 4516 133 630 3559 3092 3178 1722 2320 3366 415 2862 4827 4046 2052 1445
3344 3858 4893 1649 3207 2919 3557 1458 776 4347 3084 3314 1729 4105 1795 462 2292 1110 4044 4585 1726 977 1591 1403 4890 4566 521 3157 2421 3980 3808 2913 1585 726 3756 3847 4603 4455 793 4397 705 1493 1025 1366 3686 1336 3335 3501 3837 842 4817 2007 3037 373 3809 3702 4121 2807 2177 2873 2922 2545 4270 2175 4157 4084 3980 4866 2225 4516 4648 4293 4877 4268 4794 3508 2859 1989 1693 1466
3800 3316 153 1500 1305 4490 226 1469 2195 1138 2430 983 3442 1258 3170 2122 1746 4027 2191 1777 2732 1057 3128 4132 4040 3394 979 1373 768 1195 2795 2465 2727 4541 3879 3804 2569 2778 3750 4809 1597 3214 4816 1678 2178 1209 3709 3671 3804 2452 3010 3989 2525 1302 3323 2404 3355 3121 3067 1061 3380 4724 4853 1403 757 1863 551 2874 4586 102 3949 188 158 787 2024 3897 3904 1975 3058 2723
1858 178 4415 4658 4006 2857 367 2009 2426 4838 4529 3023 3144 1727 293 212 1328 1616 948 4599 1421 2075 4402 3565 394 101 2836 3515 1961 3914 2321 4174 3711 2740 2081 2577 1643 4965 1275 1731 2630 1412 4461 2760 3297 1214 3570 4387 825 2643 2388 1807 2696 2648 204 3898 4989 3420 3869 1290 1548 4339 917 3321 4187 4619 2128 3638 798 104 4516 1202 4904 890 3265 3512 3302 793 4855 3359
365 3156 285 3768 572 2989 3267 2065 547 1953 1713 4346 609 2535 3136 3962 1552 4911 1187 2102 2599 533 2971 690 2102 2386 1628 4111 4222 3086 4967 2406 271 3323 2816 1010 4836 572 3567 4327 1160 1301 1925 654 302 3071 289 4445 1954 2151 469 3838 433 2872 1319 1845 3466 1567 3051 2601 236 2804 3641 4878 4812 2856 3847 741 4443 829 381 1865 1261 1173 1091 4675 3051 4588 579 709
3518 2169 2680 4095 3152 2901 2855 2757 1244 1979 4721 1252 2406 1925 480 3392 3531 4193 2174 2603 4828 2752 4488 2282 4901 1979 2244 2437 2018 2020 4984 3958 3894 4476 602 4707 2755 1944 4546 1184 3026 1523 1734 3236 551 4966 2743 321 196 958 250 160 1167 3371 4700 3573 4891 3329 1185 322 3560 2616 1968 4421 4032 4202 2690 3264 3026 1544 1830 2591 3859 4397 385 1327 2807 3989 1681 4412
3067 4892 1687 1674 2810 2179 1920 4522 613 2056 243 837 2057 3186 649 1084 2080 2280 2678 2327 1755 4659 912 4663 4384 3528 3010 3737 4654 861 4437 3320 3823 2000 1615 3211 2648 1508 370 2747 4479 2697 3126 4677 725 390 1503 181 3784 4569 460 1926 4334 2891 898 961 887 1509 4850 2460 2906 802 4610 4420 1620 4701 4372 148 4897 310 4373 2939 2340 767 2989 578 827 1246 3955 1658
2407 3622 1699 1440 1942 3981 4096 3671 1017 2107 268 2864 4448 1101 1063 4913 838 3059 1285 4353 2113 4263 4885 200 448 4821 1466 4497 4811 2152 1182 1708 4960 1479 4400 2989 4605 2677 3790 2821 2652 217 2622 3148 3372 1083 1380 378 320 4013 232 2185 4701 1620 2011 3571 1842 842 3705 2189 2554 2627 2882 988 4803 3203 3320 3468 2836 4433 1100 285 2050 497 172 4709 4550 356 2156 4174
4275 3251 550 2193 1227 3575 4561 893 4213 1059 4134 4739 4605 3565 4044 227 318 3471 191 386 4175 4800 1810 3967 2817 4019 1769 2647 4411 1495 1368 2192 529 1516 1409 772 602 395 3110 899 1302 1365 2566 4486 4087 2075 4987 1810 1926 228 187 1321 2517 3488 4928 2169 1963 4926 1120 3478 1417 313 1721 359 213 4234 3691 3407 2316 2196 2306 1097 2709 575 3827 698 4213 3090 740 2536
2369 1182 3334 3233 2373 2528 4096 4834 1691 4148 2488 3102 1643 757 3759 3375 1344 3504 1025 889 2179 451 4238 3980 680 1707 3176 927 2274 2087 2713 2179 4942 3467 717 3582 3539 1005 425 2050 1698 1829 2621 2583 2259 4479 2047 230 3039 3292 3089 3365 4386 2710 2996 3302 2068 2657 2889 3305 1825 2830 4945 1661 1365 2129 2648 4352 3306 989 2325 628 1614 2482 3075 230 2457 2646 575 4761
3915 2833 1033 567 2901 4038 217 2487 624 3499 2608 1690 2420 4713 3054 188 3418 3851 3039 3665 4251 813 2213 2550 1650 1932 532 3815 855 4222 763 3151 4317 4120 4765 1526 3724 367 4029 1777 3162 2351 3781 4009 3883 3300 3943 1619 3476 3806 1052 2243 200 260 2005 2678 3301 2297 2522 275 3960 2566 730 4555 4711 1997 363 476 628 945 3554 1655 1301 2903 1019 857 1694 255 4049 540
2177 3789 394 3917 4137 1303 3924 2676 3543 1313 1809 3946 4145 3735 4668 4947 1569 364 1426 1975 3567 2906 290 3881 1899 530 1427 1486 1906 2430 2154 2596 2203 4500 2223 525 4152 3550 1841 2125 894 3221 1471 3491 1042 2115 1869 3068 4288 4672 1282 2804 1764 3189 4845 3487 4952 2093 4723 3818 1294 1253 383 562 4953 3884 2657 2273 1851 2407 4655 1081 4822 3147 444 967 3673 4845 3886 4858
892 2467 1929 4517 3518 1979 4637 326 3527 2602 3436 739 1894 178 1341 2745 4594 2818 4201 2783 282 4696 2469 871 777 1804 2140 789 3940 1493 3776 3798 4771 4672 4569 2609 4050 823 2620 4397 3137 3312 3894 1691 722 1172 3570 4430 4827 242 1085 1537 4442 3754 4365 2439 3623 2156 4221 482 2142 1841 1717 1890 914 4275 1668 4218 311 3552 1805 3830 1994 1215 304 231 3204 2144 2400 4304
2895 3914 1257 1967 2724 3076 767 1382 2766 2304 3893 1483 1183 2266 2033 2104 4007 2107 503 2535 4389 4509 1552 2649 1335 709 794 4138 1748 1285 1607 1203 1565 2424 3147 3252 1467 1350 2337 3204 1277 3332 2421 2058 4970 297 423 1250 4150 4172 2869 2828 428 459 3411 3961 3750 706 262 1427 2834 1155 3095 263 3762 3795 2071 1558 704 1576 1851 3858 3944 2756 3864 3779 1760 4311 1544 194
3948 3081 4576 747 3841 3403 4176 3879 1420 4226 3448 3530 3778 1760 443 797 2775 823 1589 2317 3680 862 1056 4636 3530 256 3774 3535 3701 3622 2826 2757 4115 3420 3312 4289 3720 2719 3279 752 369 3866 514 2638 3948 1194 799 3313 1094 2321 649 3992 3647 2780 1389 1298 3176 130 4660 2024 4140 4273 280 2028 856 3411 365 374 407 3697 1025 2577 3061 2331 3936 863 1040 3408 4577 2115
604 2617 1161 1099 2497 2332 1383 4808 4281 1574 4980 1279 2270 3867 998 1698 890 2245 3131 3792 2362 4492 2649 1135 1373 4800 1516 2000 242 1164 1042 1654 3073 2912 944 2640 2265 4112 4886 4592 2109 2498 3374 3929 3634 3242 537 741 1699 3394 4459 3137 2726 2892 3220 2632 860 3353 4550 1984 1828 4264 3633 4592 4144 2759 903 4499 1559 1644 573 1079 4866 4354 4018 1364 4931 2720 751 2919
213 3009 3581 1797 457 4692 4282 2517 3560 4274 890 1968 944 1578 4563 950 2943 197 3577 4490 2920 1950 1096 629 1795 3345 4284 3100 4209 4131 2832 1197 1919 3340 746 4720 859 4958 3976 4674 1996 503 3794 969 3159 702 420 2448 152 3396 4922 3861 3325 269 667 4423 674 2842 4159 1369 2320 3914 928 1598 893 1135 4220 768 4009 3082 992 2847 172 3997 4119 1109 2088 3716 4261 4489
4328 3610 444 2473 4245 308 2938 2105 1163 1857 4895 2631 861 1487 932 2734 1931 2943 1639 4863 2207 3260 3601 2472 125 2280 1198 435 2641 1493 3734 1665 4111 2111 3739 3623 4608 1733 2599 2778 1287 3869 1743 3412 4051 3162 3916 2161 4344 3553 3591 2190 640 558 2484 2346 2890 4944 3429 889 2439 1979 4225 3027 4922 2229 925 4662 2674 4849 2365 3757 3797 4903 3105 1791 4743 3572 1374 176
595 1617 2854 265 3270 858 1417 4976 1162 4311 1783 1854 2417 3674 1213 3429 3662 4781 4135 824 681 3894 504 106 2575 4027 3094 2817 4766 4299 1645 1927 2125 2995 3684 761 2844 914 3130 911 1020 4971 3150 697 3962 4598 2349 4606 4655 2471 3504 3844 3114 1705 4981 1099 3800 971 2228 2540 4445 2811 633 616 3078 4299 4354 529 1090 3164 4604 3982 2838 260 380 3930 1195 4370 4499 606
1741 4151 3074 4520 4385 2859 1951 3521 732 525 3582 801 679 2128 3384 4087 2169 2362 245 3833 1358 4595 4638 4067 2582 1144 130 3119 3633 1081 4930 1916 2516 4829 2616 3405 1998 3393 1170 400 961 1698 1869 1279 2567 4430 540 2729 3665 443 2820 4555 3010 1725 4769 2444 3156 3982 1526 293 4445 2841 4520 1332 1923 2375 1361 3301 3696 2958 1699 4770 539 3294 3878 4820 3186 3962 2944 4187
4961 2535 214 3626 2971 211 2490 4861 1059 4431 1811 771 4380 4177 3933 2834 1066 1915 3712 4001 373 1611 1798 2928 2900 640 3355 212 4817 904 2301 2417 2677 3001 3110 4976 4383 2466 4551 2370 860 1253 2182 1762 2613 2971 4374 4861 1488 2682 4018 1155 2389 1112 1954 3056 1794 3993 2866 1818 4496 4077 4029 369 3472 3236 3985 2796 822 4181 4524 3632 785 4624 2463 2424 490 2108 1599 3273
1883 2461 720 4392 1980 1578 2100 2985 1084 1085 4396 808 472 2569 3653 4110 432 1961 728 3053 4275 4668 4360 2242 1617 376 3613 2499 2651 662 3151 4506 2758 4771 3548 1708 4602 1016 4348 4094 2595 4120 1573 3670 189 2826 177 4454 139 3086 2212 1174 1384 3717 197 3068 2807 4596 3789 266 825 4451 3987 4618 326 3477 371 604 997 3154 4101 1139 3213 4335 1547 2040 1149 1214 965 4076
4984 4045 1769 699 4020 238 3611 3121 533 3934 2563 1039 4116 477 4346 1680 521 4367 3238 4231 4925 3308 4975 2586 1571 1965 1041 1030 3328 2371 1896 490 3020 4490 3782 3235 2131 3777 3682 932 3597 446 1219 2682 1006 4384 3294 610 2944 4510 1545 3836 4971 507 3287 1988 4042 3576 335 3615 3218 863 4975 4538 1761 1300 1131 3753 1400 931 2804 3168 1478 4140 386 2882 3680 2560 4381 2234
3664 4412 3940 336 1315 2416 3359 1321 4067 4947 3326 2163 2748 2435 2237 1370 1446 3649 1510 4314 4869 2895 1381 1444 4236 4829 487 2781 3480 3347 2663 4881 2509 2983 4404 661 2967 746 2960 2187 2904 2626 1166 3652 1751 259 708 3248 4695 3937 1104 2570 2345 4848 1612 3917 1116 4667 4711 4413 340 3221 4862 4165 1206 2061 3583 3076 3641 4116 999 1721 625 4298 4399 1705 4514 4764 1672 4218
3411 1080 3338 1513 3280 4264 2374 2002 4887 2015 1599 2049 1982 4957 2377 4184 2493 257 2041 4984 3838 4237 2332 2861 968 2123 1456 4752 3949 3595 1208 693 656 3809 1270 127 2204 1754 1598 334 3526 671 2863 3331 4450 3530 3242 1711 1185 3643 4514 249 2739 1341 2621 3947 4541 1207 4115 4991 3894 4927 1323 1621 2178 2642 4461 2900 2743 2325 410 1377 1363 374 762 3164 3640 3565 3395 3390
386 2688 4506 4476 4695 3335 4993 3529 2764 2404 3368 2866 2628 639 4172 644 4157 4537 2654 945 1271 1709 1759 1738 2115 1653 3364 1376 2192 923 1796 469 907 1182 2025 3358 2697 1121 1349 865 1210 1714 2295 3512 1630 2171 2609 2529 4244 2490 4637 187 1823 3562 3360 2869 1539 2309 4779 1091 1648 3504 1096 1554 4282 2927 4332 1164 1620 1048 4890 2436 3116 3729 2859 4695 4213 4792 2756 4378
3847 3507 3702 387 4036 403 4334 2114 2814 2900 2584 3618 1545 1961 2943 2783 4828 1756 3935 2880 1235 1137 282 1484 223 3591 1815 2738 3072 1375 3295 3341 3736 3445 1666 4695 3608 3571 1112 2640 412 4974 4361 663 4530 3337 3970 3830 3786 4485 500 421 1839 4107 4312 1448 3543 1906 4668 3191 1587 3555 2719 3178 3025 2633 4238 1814 3693 4815 388 3249 453 4175 2501 4171 602 553 2275 1261
2112 2142 2522 3435 2321 500 1831 2323 647 3909 4922 4431 4348 3204 1912 148 807 2167 3300 2707 4487 4198 4855 199 2204 306 4466 3318 2714 3627 4668 3220 4307 1183 2564 3505 2595 1550 2701 2228 1143 181 4496 2521 2709 1555 4691 982 3273 2059 2714 1467 2732 622 3041 2214 3048 1860 131 535 2281 2414 589 723 596 4278 637 4722 4811 2266 3673 903 227 2415 1238 4733 3516 2802 289 4692
919 1529 3645 1870 4102 1322 2172 3753 811 4094 2519 2046 467 4490 4135 2079 3715 1325 2621 3844 856 3893 2331 3445 2037 2794 2726 1700 736 4250 564 2287 2842 201 3886 3646 1739 2711 4206 4071 4402 4468 3461 390 1632 801 1632 829 3659 3773 3121 346 2423 3667 3951 743 4451 3909 1501 1992 1932 678 654 938 930 2749 4853 868 2146 3605 4971 2497 2038 2343 1964 826 2068 2054 4681 690
2760 4576 4484 2690 1414 1866 3004 2234 4802 4471 3591 642 1762 4364 3521 3796 1363 3380 4369 4815 2637 2434 1840 2985 1397 3559 2853 868 474 3553 2302 1153 1271 592 1358 1751 2404 2866 371 3759 531 4281 3673 1593 130 970 679 982 4431 1381 2845 3077 707 1668 2324 4989 4624 789 3052 2397 2022 4020 663 1018 4025 4263 772 3348 3802 3839 1184 1152 4215 2534 176 2438 1266 2434 2986 2613
3985 4881 984 4433 1452 2406 2148 1413 1049 1584 3268 4888 2035 4692 2030 3562 3016 3965 3983 4668 3757 3562 731 4340 3561 3532 4592 4955 2589 1500 2052 875 4924 198 1434 382 3336 802 2319 4455 4526 1055 2616 2389 1482 3599 3167 1143 1364 2904 173 1231 747 2495 1979 3374 2868 3548 915 3241 1954 1467 2464 3461 4152 3577 4241 3932 4710 2461 4018 422 3459 4288 494 2072 3823 3130 3960 2513
2340 1742 1304 3546 4825 785 2604 1210 2572 2600 308 3366 4813 3671 955 1750 2720 1057 273 2739 1720 4801 3348 3871 368 3220 2310 3551 804 3933 1097 2010 4541 3090 1568 3846 592 2841 4593 2298 3882 545 3344 3943 4152 830 1812 1149 3150 2438 4645 3187 2089 409 3770 815 1895 2582 2808 3667 1908 4413 881 2293 4560 170 3119 3865 411 4335 4741 3473 2596 3492 190 2588 4423 2651 1471 1974
1881 2605 2803 898 1449 3378 4074 2920 963 3831 4714 1304 4038 1182 3348 427 1784 954 3505 798 1523 3167 1670 2624 2529 2954 3867 415 139 3292 3606 1505 214 2217 147 1232 4180 3507 2689 624 2336 171 4187 2084 913 3417 655 639 4990 3664 1060 825 1239 206 4349 3314 1402 1377 4540 1420 124 1669 1296 1498 2798 3698 2727 3081 2972 4172 2802 230 447 3390 395 3041 2615 2036 4936 2756
3331 3725 2937 2319 130 2448 2122 4608 980 4953 2235 2797 4653 3013 3634 2512 4197 3136 539 1369 4492 4886 1204 508 4753 2352 181 1893 4368 1240 2109 2011 4354 246 2975 3226 2813 2822 2294 1173 627 3800 1451 570 4596 1107 4068 1507 4187 3137 1039 1742 1167 4748 2720 1505 3970 2426 2836 2443 2581 1352 951 3048 1099 296 1349 3193 221 1074 1531 1127 1273 3846 3676 2188 1622 4888 2018 3968
625 3759 4812 592 4642 1585 4912 2313 1274 2537 2105 2239 3062 2055 1023 554 4744 2273 4023 2413 4000 101 2650 546 1060 2797 1535 1563 2099 2512 2716 986 2730 4527 1940 1971 313 2137 2603 2107 4996 1987 1104 4876 2690 4005 4649 3172 2605 1126 2498 2236 1708 4695 3186 3775 3942 3611 2824 3496 3392 4149 4105 271 3860 3435 930 3366 4761 1953 1009 3527 4784 3683 4227 2274 2798 1050 4627 1519
3652 3301 2291 2921 3927 1126 707 3519 460 2534 176 4367 4010 2581 1845 709 1416 2699 769 441 3551 330 2418 2844 2446 2809 2365 1721 2749 4053 790 1715 3964 4225 658 1163 4342 4306 2298 4369 1597 1691 495 1969 4038 715 1519 4261 3747 2594 884 488 2540 1350 4123 4799 3173 3852 2133 2934 4662 4258 948 948 2372 745 1867 4809 882 2742 3796 2562 582 2567 4345 3381 4836 4488 4560 1349
1601 187 510 1880 4255 3255 984 4056 4707 199 477 789 681 2122 646 2778 3960 3791 961 1145 1580 3966 1811 1527 3721 4049 805 4753 2403 2963 2470 3528 4221 2325 1909 2270 2942 3699 767 2399 1770 858 1963 783 3827 2185 3825 2186 3398 2683 1630 245 1107 619 3821 4802 1904 3940 418 3404 4973 3724 1963 4335 2707 1984 2106 511 1818 1781 2903 3864 2854 2901 4140 922 3433 4673 4366 1043
900 3283 3577 1560 960 2244 2201 2117 752 1741 3309 3254 1295 636 1381 2582 829 3222 4918 676 1253 505 209 2247 4885 623 2217 3236 953 1507 4047 2097 2980 759 3136 2588 2734 1287 1789 4209 2650 3793 2042 2246 3709 665 907 2559 4141 2848 3392 1837 487 2198 1642 2246 4917 4571 2042 1494 1188 587 3297 4003 2224 1138 1651 389 1250 1496 1648 3214 1818 2068 3629 1161 333 4457 335 2702
3596 2477 3924 3587 1053 4940 3897 3514 3433 1070 766 2158 2228 723 1503 596 4739 1092 732 3720 4159 352 1960 693 3399 668 4168 4016 3729 3380 2469 4859 3938 2544 3520 2342 1012 1066 3136 1136 582 138 387 2063 1222 1559 829 3425 2997 3272 649 1694 480 326 2840 4099 215 1673 1628 155 3819 640 1095 2247 4160 1100 2648 3786 4711 3248 4804 554 4793 2624 3749 3757 4854 828 1317 3990
1344 4299 2597 4631 3960 2182 2653 4963 274 1530 1599 4629 830 248 240 4514 4184 2593 4694 2891 1082 1926 4054 2181 2545 3970 2619 1839 2020 2820 141 2340 4592 3110 784 3800 394 894 1933 250 901 1726 1740 2293 4108 1373 1257 2490 2918 4208 767 1445 4242 1828 4082 3647 2418 1138 4045 4523 4471 1514 4980 3864 3840 579 2868 1719 4235 2384 3262 1682 2796 910 1935 2933 2771 3309 4373 4970
2981 2321 1747 2796 1007 922 4868 2945 3693 1902 2324 3741 3632 4259 4923 948 4700 4668 3471 4520 3855 1924 1835 1942 753 3826 4356 1023 143 4175 4824 364 1621 3419 3742 2695 2185 840 4377 3509 2478 4987 4862 3155 2167 3930 3844 3249 2482 300 2485 2366 1759 1869 1723 1801 845 459 4540 3513 4243 1353 1276 1284 2216 2949 765 3349 4604 3408 4405 981 3425 2185 2580 1845 4123 224 2198 1641
4634 1564 284 2060 3177 3883 3493 575 4528 1279 4135 667 4227 265 1951 2626 3430 4273 1478 752 351 2380 2101 569 1571 630 1333 4964 924 2006 4928 2800 4250 1380 2232 927 2672 3033 1977 1871 3523 1924 3164 113 4314 1854 2962 925 4003 438 1561 3792 3650 2858 2783 4604 2994 2476 2885 1721 685 1733 3955 3364 3893 4162 3937 2682 2303 159 1976 3741 2631 4364 4498 3833 1735 749 3032 488
3034 2301 4984 2977 1977 785 985 3222 3037 461 1407 2570 1379 2063 4366 3176 2756 1229 4577 462 1369 2180 2931 4063 3590 761 3682 2464 3799 3945 1171 4031 3453 1466 2499 209 706 3139 2395 1309 1119 4097 2355 4472 860 1050 3042 1656 3840 1279 1473 2290 1065 4677 3856 4895 1832 3628 1417 2424 3689 3229 4122 4110 4022 2905 3821 3180 3420 4156 4798 878 1502 657 1106 2215 2240 4582 3072 879
655 3790 847 1517 4066 4213 2969 2229 4950 1099 2206 987 2827 119 3386 4211 2387 1257 1514 3573 1972 3317 3580 2544 4822 444 3617 139 3762 201 4081 2441 2416 4003 394 373 2863 1499 2052 678 3414 1736 1649 2356 530 862 4518 3937 2059 3676 607 4314 4027 4321 4287 397 4407 712 320 1899 1742 2872 3909 4102 4740 2213 2083 414 1712 4964 2274 1666 348 2115 1389 4712 4595 1969 2101 1722
3042 597 4564 571 3786 4946 1327 4520 3596 3192 3072 837 1602 3865 2290 4064 1033 1787 3567 4879 4693 1758 3975 4256 1435 3968 3263 337 2666 4812 1952 3176 2781 853 852 1465 180 2703 1874 4071 287 3307 574 4045 4415 3613 1290 2536 2401 2363 204 1373 3480 3660 4687 867 2360 808 2437 4367 2545 334 2191 4839 1981 4367 176 851 2905 2137 3904 1712 1138 4487 3589 3013 2058 4318 2447 3862
336 4067 3537 3633 2308 3555 3436 4043 396 1129 1093 1536 2264 3672 404 1958 2964 4291 1010 3485 2705 2890 4447 970 3034 293 662 4439 2406 1632 1618 3778 1594 4621 1950 3898 265 4731 4613 4611 1389 4371 4015 398 756 3979 2269 4528 3349 4802 656 1124 2592 3160 2324 2230 323 4172 954 312 2536 906 4560 3991 1149 1912 3160 3332 2352 534 1003 4956 4058 2657 3430 4877 2380 2225 784 4048
4641 3737 760 2921 4962 1885 1412 2935 4541 3235 4703 1533 1491 1200 226 4314 774 1587 3314 2622 1196 1518 2784 613 4639 3826 1144 2086 1445 3022 4904 595 1909 4206 582 4199 4087 4348 3841 1077 2183 4486 388 2177 889 132 2014 3393 2398 108 2171 2118 4376 2125 1639 946 1447 1875 2559 4955 920 510 1743 4865 874 2442 1603 1088 1646 372 1651 970 4585 838 2081 3987 2530 3583 3979 3646
536 4802 603 3462 3649 2948 3339 1834 2016 1498 1507 4554 3241 2204 2201 3237 3819 1048 422 1658 4941 1241 2547 2974 883 705 472 2388 3077 2698 1106 4988 1946 1223 4481 3378 2752 1902 2646 2992 3281 2285 498 687 2263 3999 594 253 4513 3066 3221 4746 2698 4620 1436 3726 1142 4432 544 3278 4764 3627 1537 179 2515 635 4422 3178 4412 3919 3120 2237 2136 2589 1744 3059 727 1296 1018 2697
4926 4294 281 682 102 858 3546 3856 285 4545 3162 759 1163 3702 312 123 3810 1270 4347 3109 4702 2932 4318 3086 1711 3720 3380 3890 746 4828 2261 4555 646 1608 3034 778 2337 750 4843 1890 1169 2959 676 3257 3779 1367 1696 1806 1518 1095 1041 1566 1281 375 788 2214 1311 782 2919 3411 435 1392 3507 4654 2299 1421 1130 3645 3917 390 2507 1598 3474 3080 4112 4209 2858 638 1061 255
1197 4904 1541 1547 1589 1571 1779 3650 1290 3967 1235 384 2233 2762 4570 587 4515 2595 4301 2738 2290 2472 2564 2589 1606 3435 4975 1415 1884 2065 885 3575 4290 302 3130 4355 121 3791 2917 4849 4928 4397 3270 3024 1444 3286 1053 4959 1129 729 4787 4042 2867 4791 1288 2123 2322 1307 966 3642 608 1467 3890 3766 2492 4943 4403 1579 4527 809 356 418 3617 2750 2776 1288 3266 3969 587 485
4456 379 4127 1209 1860 788 206 1520 4492 4818 4829 2607 2892 2011 1556 1117 2123 2419 1297 4591 490 675 1714 1080 115 4436 959 441 4452 1216 3455 2613 2780 2676 3016 4914 1721 876 2207 2595 2263 2056 1534 1903 298 4488 3736 1963 1292 4922 4474 4884 1718 3669 2851 1764 3620 260 729 764 4005 4987 2411 4817 2988 1362 273 4853 3336 4520 3029 3889 3204 4436 2233 3578 3015 3018 2124 1106
726 2175 4731 3746 1334 1983 535 1628 3637 2880 1560 4813 2252 4269 3248 4387 4602 895 2807 4879 4697 2829 2710 1514 675 1666 4189 2028 193 1751 3730 444 2987 2961 1107 753 4950 2971 961 1216 2862 2166 2367 4225 3558 1231 951 1403 2745 509 2168 3187 4653 181 2987 1601 4183 2269 2432 3809 1044 4801 1795 452 2205 2035 1484 819 2216 3625 2443 1485 4759 3058 4033 2212 4957 3938 4312 3411
494 2372 1223 2872 2044 4919 846 3856 4008 2449 3803 155 4287 4410 1026 2525 2611 3593 374 2330 1079 3721 638 1600 2562 1230 2279 1331 467 1605 3461 2362 3968 2995 1642 1034 1612 4297 3469 3596 3978 4436 951 795 560 1580 3180 385 1344 2625 2965 4767 2717 4889 3614 1595 1092 2796 1952 2701 1285 726 1651 2354 3004 2517 2793 1238 516 1025 4228 1434 3361 472 2316 3617 2707 388 145 1656
4859 790 473 284 2803 886 3298 2638 2518 248 2968 3994 4120 3328 4814 1153 2883 4020 1499 1830 2336 2748 2023 3074 2304 4822 2714 317 2648 4269 154 4813 727 394 1931 3173 3894 2682 4805 4749 1078 3869 4378 4279 380 596 3274 3629 980 3010 4683 613 2376 1841 2960 318 539 3731 1808 3820 1786 3903 2936 3565 498 666 361 1860 3754 2747 1570 2116 4466 3580 3927 841 3785 1923 4026 3843
2208 530 937 4779 1225 2904 3679 733 296 4567 1514 2091 2473 569 4524 3853 1534 4702 3923 3379 1325 3241 1042 313 747 4492 2688 3080 4124 1471 1537 4872 867 2727 2214 211 622 3153 1142 2237 2736 1083 2538 3967 2192 2130 2296 4557 1130 1434 489 139 3099 1904 3191 2648 4633 3536 4787 2939 996 1813 1688 1417 1051 3269 668 1744 3895 645 3911 1351 3704 3020 2990 3822 4619 401 217 4850
1369 4778 837 4227 4555 1361 1672 3231 1739 3527 433 3005 213 3695 4624 3528 1332 4348 1550 1908 2049 1762 2028 3258 514 555 4987 2410 3215 585 3811 3644 1483 4558 1939 1328 2302 654 3310 213 4809 748 3502 3449 4439 1554 574 3417 2340 1868 1075 273 1476 304 4955 410 956 1007 4119 644 757 1383 4972 976 2487 1104 3241 4770 4652 2366 3996 694 3242 1193 650 1584 4874 1998 1450 2177
1445 3955 1707 3978 130 1083 1993 528 4532 1268 989 1623 3676 1401 1926 3001 1569 1203 4551 2124 4680 1433 645 1513 4954 1778 907 1141 4533 3905 1181 1175 3898 1312 2505 3911 1950 1469 3477 3696 2889 3792 1786 4170 1777 871 1079 2770 4267 474 1086 2383 3497 2422 4169 2565 3506 1608 4855 1800 1063 4067 435 2046 1861 2875 2106 615 4437 4621 2762 162 2340 660 4590 3219 1090 3303 2033 4088
4968 208 2599 3014 4489 1115 3830 3287 340 683 1942 375 1313 1917 2026 730 2280 2383 2861 745 450 4918 2274 4858 4722 4153 2859 1509 3237 533 2220 4486 1500 1384 3968 1515 3824 1213 4029 1128 3608 3917 235 4807 2077 3194 3396 4689 3761 2790 3232 4997 4170 423 2989 2594 3090 4704 370 1927 3752 725 709 2302 2009 3871 1417 4147 2198 2737 1468 4945 477 4146 4161 4872 2836 933 1560 1007
3764 2948 1854 4785 4635 4822 1419 2153 2584 2419 4496 2967 4985 3945 2906 3735 162 2459 3733 1542 4367 1401 720 573 1243 553 4078 3527 3043 1896 4309 3034 331 3049 4539 3699 338 779 2449 1322 2308 2764 2060 754 3866 354 3183 267 3555 1859 2680 4738 734 1936 3793 3377 4986 2780 3368 1934 671 3918 983 705 4506 3737 1275 3762 4460 4619 1202 611 3421 4900 4517 1884 999 1483 4699 146
341 2023 4084 2215 1815 3348 1245 4748 1347 3160 2612 4846 2257 2586 761 3688 2546 3203 2406 272 324 2845 429 1848 4071 2641 3866 219 2259 1647 3399 4514 187 1650 726 875 3165 847 4607 398 1619 351 2081 4506 2345 4769 4317 393 2132 264 4072 2339 1487 1820 2100 1327 3938 2743 2372 1229 3948 1423 991 630 741 2641 1638 3416 4571 4026 3087 2479 4958 3510 529 3929 3005 2353 4577 166
846 1432 2240 2835 1508 1596 4413 4874 2968 684 1253 1007 4328 453 548 1575 3855 2646 4606 4177 4572 1163 3743 1325 4335 2845 1988 1347 2125 232 1165 681 3607 4710 1369 2160 453 4034 4741 2393 1607 1600 3768 247 4974 1624 1986 4974 355 4605 2628 4924 2818 4062 1402 4514 981 997 4405 2348 909 953 1275 2423 921 1917 616 1052 2554 3791 1471 1845 2637 2403 1661 3586 1002 4894 2098 2263
1462 401 1951 198 833 3430 3905 1522 2958 990 3683 542 3880 2698 4154 3215 4899 1925 3300 2010 4701 3041 1194 4849 3007 3679 3555 264 4208 3053 4033 3776 4814 3214 2801 4054 4291 1504 1643 2314 657 723 4755 236 3337 1186 277 2706 1552 4364 2246 4757 904 586 4648 561 806 2841 4590 1931 4765 2691 3115 2251 4324 4092 4086 4674 2576 3537 3830 3906 2439 3970 2857 3511 1998 4879 447 202
4666 2256 494 2016 3767 4976 597 1600 1219 4497 1172 968 790 3549 4346 1854 2693 2258 3836 1699 3814 4823 1503 1707 622 3569 2674 4427 3221 4580 1447 2213 2830 3349 852 2685 4450 4558 4224 4589 3567 2925 2102 3999 1997 2446 1292 3709 1141 3177 2200 641 702 2478 781 1483 579 4065 2559 2741 4265 3681 3102 2815 1557 3394 818 1186 550 569 2106 2295 3264 749 4062 3984 2574 1740 3251 660
4251 2089 1548 4382 3825 3204 4139 1480 2382 2861 933 664 3526 130 656 3554 1932 213 3727 1937 4878 4828 3184 4389 3795 102 191 4475 2286 3973 4819 2856 1296 1589 1586 1332 4651 1322 4978 3096 1020 4307 4195 2819 3272 1190 1605 1506 850 1580 2863 2991 3676 1389 648 313 873 1588 644 4260 4560 4416 2851 4899 4172 4444 3783 2963 1784 3607 2122 1479 191 2269 1217 2575 1193 715 2915 1431
3307 2337 1244 4908 4289 3767 310 4196 1333 1372 2816 4662 4620 3587 3578 3201 2614 2867 2579 857 4524 4232 4529 454 3676 3576 4158 1743 2662 877 186 4007 2528 4050 2468 1784 2211 2460 489 4211 2157 404 745 1522 628 2003 3733 2604 4170 4683 2594 3532 4699 2007 867 1216 3552 614 1571 1745 3769 2377 2756 3368 3806 1531 3931 1621 1005 2510 2349 440 2753 3176 1907 4970 1881 1116 3132 4270
945 3201 2157 3956 1874 4875 4321 2005 4325 3538 2515 297 3450 554 3223 225 2894 4970 3077 842 776 484 3621 3766 295 4239 2894 4031 2466 3094 2523 2899 2985 4658 907 1265 651 2453 1729 3300 3461 2475 734 2894 276 1613 666 1336 738 747 4822 2269 1444 2493 3845 746 3890 2703 462 1055 4608 1683 2368 3647 1610 2747 2808 1065 2281 2409 4782 566 4364 715 4394 2579 1598 4114 3167 4902
4491 555 1098 4357 2861 2507 3554 3889 1856 155 2170 3179 635 4598 1191 3788 4553 4371 888 1161 2337 398 4133 1204 4810 795 1932 730 1082 4695 4849 406 1014 4524 1329 3292 630 3425 3014 1470 4482 3787 2651 1840 4200 719 412 2889 192 2048 2589 1513 965 229 3706 739 3230 610 1723 2772 435 2039 924 2849 4752 4314 323 2897 4617 469 4370 2558 2990 2296 3417 3728 2105 2578 3546 3990
1913 1336 1440 1363 2879 651 4737 3121 335 101 1465 1100 2515 4395 958 1048 4294 2088 1283 2482 3442 3054 306 3511 864 648 306 2896 820 2865 2209 125 441 4396 2347 3049 753 1686 2107 174 622 2960 2778 4652 1551 1202 1115 1273 1794 4672 3088 4652 1044 4166 1513 2799 4465 2290 3413 2254 4033 828 3271 1719 4151 474 339 4998 4919 1185 3845 2224 2713 2617 376 3080 4740 3121 322 2396
4617 3802 2926 3785 642 4310 4961 3603 3123 4298 2735 4554 4604 3922 1044 4232 2598 590 4121 2394 3118 2407 1281 741 661 3437 4533 1105 609 3174 728 706 569 1224 507 4311 3511 2665 4829 3457 1803 2534 1353 2674 4875 4228 4676 1533 3311 2954 4235 2056 2847 2273 1871 3233 4150 3563 4692 3870 4669 3944 4078 3130 1873 1734 2460 2146 2802 3227 2047 4308 1423 2808 2797 3314 2446 4015 1014 3174
3382 1136 2387 3824 970 1760 385 3399 546 4712 4243 2488 591 4631 2613 431 1059 1931 4208 1513 297 2044 3790 4276 4361 4547 1379 4959 1158 4987 205 330 1356 4084 971 1169 1191 1835 635 660 2235 1586 454 1895 659 2801 4164 497 2447 1323 4639 140 4549 2942 2089 4471 4142 3749 4214 2395 4625 2014 3772 4865 3819 2817 3074 3017 2478 497 3754 4225 3481 987 4765 875 4976 347 415 3120
3539 4183 1553 1114 2382 1358 305 282 3350 535 4128 4625 4257 165 4758 1959 4210 1749 2030 4194 3442 480 4642 1111 3904 4080 4068 785 4774 2189 1289 4022 887 3206 4069 265 1415 785 3669 466 3991 1929 4962 4829 966 1898 184 2426 226 3765 1464 3067 834 4472 3367 893 1577 4735 340 3877 3471 3561 860 2312 3787 3233 1328 2037 208 539 2442 173 3173 1700 511 1152 4053 4162 2316 230
3077 4572 397 3153 3357 3888 541 2810 3390 2973 193 250 4845 2088 3626 3392 3484 4013 593 828 2054 558 2105 2921 2134 844 167 1545 2000 3966 913 3424 4789 3830 227 3552 1868 4658 581 4080 2491 1010 4882 1373 747 1241 1326 2743 1028 4143 4744 4683 264 4238 1296 4996 165 2022 2024 461 3952 3775 498 1691 4070 2274 605 888 2403 175 3645 4173 579 288 1493 480 295 2092 3608 4048
2034 3616 2403 2234 1961 1027 1781 1715 620 3547 2687 3903 3237 2065 4876 1685 3137 827 185 796 3291 3212 4988 4078 1383 2205 392 511 3032 1991 2966 3475 2104 3436 4856 4160 3328 1117 1443 1098 144 2940 706 439 4884 4406 2801 1234 4310 2042 1099 495 2678 3729 2896 2101 1153 3092 829 2662 4384 3521 3065 2417 2089 832 3699 2737 1693 3993 4440 2608 3826 1908 1319 2733 1500 627 558 2048
4493 4773 1323 1087 1038 208 4786 2539 1784 3968 4556 3475 4094 2698 3309 1603 4838 3211 2735 4884 796 2404 401 3824 842 2321 3979 3735 1421 4413 4257 1740 2336 104 3787 3651 4665 3142 509 4522 4089 3306 3720 3474 2767 1298 4381 670 3967 847 2550 4077 2716 638 1503 1311 2651 2576 3270 2587 1989 1260 990 4474 1080 4984 3612 4802 4436 3798 3961 2887 3714 4071 1994 4531 2334 3133 1449 3991
2605 3623 1200 4448 748 4429 4200 2037 1608 2550 213 631 4826 4267 3567 3000 3720 533 1465 2803 4107 623 4521 4414 182 3874 3454 1472 3456 4700 481 476 671 2915 4330 4578 3747 3493 3854 4431 822 4188 1283 4856 4956 3397 1315 4233 4851 3598 978 2420 3248 2196 2119 1712 358 3930 2928 775 1477 582 1381 918 2820 2414 1977 408 2894 1864 575 2817 3656 973 3304 2834 4260 1710 416 910
