67 29 54 141 57 140 185 194 96 164 181 72 38 149 47 180 48 119 143 10
89 124 139 197 26 53 19 76 37 55 81 191 119 31 136 68 28 19 129 174
172 61 86 110 118 15 44 13 168 152 187 110 129 57 176 150 42 198 194 197
57 58 176 86 104 140 193 96 142 70 59 52 117 169 192 190 191 31 78 128
48 13 195 144 76 120 14 112 182 15 162 115 166 56 107 184 13 179 91 200
143 141 74 139 141 180 174 49 24 97 21 29 186 130 82 21 151 117 173 39
159 108 164 140 168 163 78 178 95 171 39 76 15 23 166 193 181 152 56 91
21 90 72 114 144 193 120 77 58 121 26 147 111 158 11 57 76 60 141 137
76 85 77 179 42 136 72 80 70 189 61 79 190 36 18 157 92 70 65 174
79 124 98 41 181 116 15 129 126 25 48 93 84 190 167 73 165 187 175 143
75 183 22 200 144 82 74 39 29 96 194 29 54 101 52 179 65 200 22 101
143 30 119 80 119 17 16 24 73 71 14 19 13 78 103 59 21 42 100 45
80 115 80 54 196 43 200 90 88 154 83 199 149 120 84 135 15 82 72 160
27 33 188 54 100 107 72 164 120 40 136 174 20 173 141 58 163 118 159 118
181 105 104 49 27 169 180 70 33 198 74 79 109 179 165 24 195 115 70 42
117 29 82 144 148 102 70 174 65 136 128 81 34 132 66 93 71 139 92 30
32 107 181 94 186 109 165 70 163 72 36 104 49 39 64 47 142 50 113 160
42 166 74 147 87 166 113 85 39 163 50 161 197 49 53 35 64 200 166 118
60 100 59 12 64 200 114 179 12 78 101 58 21 192 150 16 90 53 195 13
182 59 156 59 120 65 167 200 163 102 104 48 110 121 144 181 198 123 113 159