669 1106 4064 379 882 1493 4762 1525 4968 4655 4603 2444 2770 1750 1917 1256 2243 2732 2696 433
2709 635 813 3116 1155 1532 4999 3636 614 603 4744 1386 2107 1461 1321 3710 1694 1991 3565 2346
3301 2116 2822 3649 4766 1614 515 830 2567 525 1977 1977 2786 1539 3804 717 1976 3643 1934 254
3036 3764 173 2484 305 991 1768 947 2520 1473 4339 1058 1259 1286 1074 1965 812 3971 4308 522
1954 2178 4150 2065 821 492 1734 15 4795 1998 4660 554 4889 457 3098 2787 4772 1657 3681 1498
2789 1415 3270 2088 3977 442 2204 1045 4936 2402 2743 1706 4449 2077 2561 2079 2676 915 2842 1244
727 2754 438 1069 1020 3724 487 4917 4028 3371 4631 2669 1974 806 3981 2249 3607 2829 2180 1397
3625 1026 813 1082 1396 429 1457 3773 4972 3546 2921 698 4509 1429 4090 312 4438 4148 3151 4446
3443 3768 1553 3949 728 2235 1233 159 2065 2042 4547 4086 1970 1811 4800 2419 2120 3826 4420 2319
1711 706 4539 3199 4860 2536 4313 2194 1512 4804 2033 1580 143 4581 1210 4753 1459 4126 2848 4864
3845 1705 4809 1495 42 4946 3424 1161 1388 3072 2374 116 1269 4811 1711 975 253 1993 4308 3700
3522 3033 2129 152 1912 2569 3805 2908 1227 2884 224 2467 325 1257 384 2600 2104 2440 3360 328
1833 2406 3982 528 1239 2960 2549 364 1138 3656 4143 2095 3779 2011 4727 2153 401 3505 4073 3844
2926 3428 3223 4601 420 3007 2582 3031 3126 3403 131 1370 565 3386 306 435 4894 1083 1016 3255
3762 3190 926 3715 122 3031 1265 4387 4765 463 269 3854 1145 2076 1113 1954 408 1511 363 4451
2568 1694 4645 1897 1418 2954 2108 3538 4648 4247 359 3192 2670 4311 3720 1558 3502 2533 1352 3061
1981 771 4978 804 1499 1385 4262 4192 493 767 2678 2405 518 2993 4328 3199 3137 70 3207 1512
4816 3534 307 466 1689 3329 1849 2610 260 3266 4353 1967 1142 4123 1886 329 217 1252 2878 1901
1182 2482 801 574 1362 3638 2248 4843 823 1077 3045 188 1122 900 1919 1654 698 1313 864 3968
4990 358 3795 146 2052 468 2021 2154 2794 261 730 2303 1214 426 4944 3718 2299 4063 4667 2415