225 2600 243 4133 3565 4531 2044 2361 4257 3225 4384 3332 1844 4139 2044 2285 4488 2811 1564 5000 294
1879 446 300 2424 2077 2288 2420 2851 1971 265 1148 4894 1728 4375 868 3276 3041 2738 527 1478 1445
4748 3271 2172 4557 2556 388 4016 1477 3197 606 2499 2007 1373 651 1952 714 332 890 2886 3003 1013
4010 2762 2592 1639 4482 894 4813 2213 676 3473 4164 4235 1771 3066 1864 3435 4308 669 370 4482 1140
2251 4064 554 404 3575 4699 2678 4677 4303 1191 1734 4056 4545 3618 1573 2572 1847 2482 1355 4961 2686
520 1688 4693 3667 2379 3560 1927 3740 1343 3733 2551 2407 2325 2022 4208 1220 1470 4860 1068 1488 3908
2198 4250 3399 2175 4510 3196 2710 723 2538 4796 1657 3013 3491 1304 2128 2365 2446 1257 1797 3053 3898
1028 2426 736 1633 841 1348 147 4527 404 4328 1850 945 526 4678 2485 1709 155 3934 4549 1584 1359
1669 421 3272 4351 4864 4571 4192 1431 1993 1932 788 239 129 787 1625 508 1122 2700 4640 869 2278
641 2436 2997 965 646 1593 4595 1041 149 3454 1096 1353 2276 4552 3806 3116 2366 1525 1147 394 1480
1774 190 4696 725 4095 2818 1501 1109 1065 1825 1040 2765 4306 4217 3192 1622 3120 2128 3708 2724 3843
1295 4709 4764 3510 2073 3241 564 3872 2171 3560 555 4978 3481 1947 751 4576 3718 2288 3800 4444 1308
4390 3679 1450 2711 4808 3861 2185 1122 2498 3173 3063 1033 659 4330 3663 3824 197 2357 1855 378 4198
3284 3868 115 3430 2269 2203 3830 3330 4193 4427 3555 1926 4084 2430 728 3044 3312 4274 4184 3545 1991
2042 3729 1336 4001 4672 4133 1593 285 1521 1193 1962 4763 4676 4773 4384 2991 4659 1214 3531 2138 3347
1846 3124 4290 4688 802 4965 185 1231 2661 2376 2961 4588 2232 4220 3713 1577 1112 1538 2901 4839 4889
3466 4101 1151 1877 4064 2470 4857 1782 777 2294 2615 3659 4453 3311 4100 4479 3142 1283 246 4693 3462
2302 2270 2545 3057 3793 2693 3069 656 783 1360 3785 3793 3983 3345 3338 2879 3264 3120 2898 2294 2182
417 4934 4490 1150 1042 4426 4432 3905 1010 1208 2205 1102 3568 2816 1409 3595 2764 2448 4152 2744 3462
3845 1301 3321 3791 1407 1522 4597 1793 2102 4095 2212 3651 4544 4528 3873 668 2579 626 4583 363 994
1417 2568 4238 4843 2636 130 405 1113 2502 704 3283 473 2852 436 2031 4898 2531 2516 4403 4461 4824
